5.522724643034232 13.67081609955373 4.748999132361222 10.795482951482562
3.845128895697326 11.986307700591867 3.088336360920677 9.332317309096574
3.524370745529172 10.298452890184974 3.312605287519887 8.167102697199141
4.769389613497398 9.749124628590554 3.2725743297547822 7.722990431845308
5.929682288932576 12.10075256240189 4.138337900797849 9.332153140392828
3.6302896160301223 6.542275249313554 3.866906998889536 6.0005414912108
5.622169992204189 12.580496076824941 4.960340330339932 10.007862393894628
6.034036182333837 14.983867270172064 4.974147258826484 11.579581071299414
5.414719973723481 7.487767243118011 4.97308282257155 6.842801046772662
5.750261799987123 11.46080959903699 4.922190382240615 9.358786783050576
5.994914888807804 12.811017650500839 5.0774389559518225 10.182955766066293
4.963455933129898 13.254676177194078 5.122117051606072 10.5333787093501
6.381729547910904 11.012357682903495 5.213117029234971 9.132430104779269
5.169875214574759 13.50532240823903 4.249874635618478 10.409504469848876
4.366602467421423 13.020599401592998 3.6344579264063315 9.825424039573502
6.849741051910261 16.081257791071167 5.532311089818433 12.187136147258338
5.594175886176669 9.618278856463576 4.665388089980181 8.107177592806876
6.135080580351442 10.40640612194374 4.135333058876952 8.67014729703307
5.932342559491295 9.655451480444706 5.435891295436111 8.435340984718996
4.852522365829701 12.080752537641956 4.196568915880237 9.538070988224487
4.051647298287634 10.370179653777559 3.404105383339923 8.141577094852664
5.987754043490607 11.812729560070567 4.938573848803273 9.778941765368522
5.315942457681148 11.859905596944088 4.818309254276229 9.626521543558264
4.282031779122281 11.992606318368617 3.7038240681747006 9.390427354129415
4.31582801630155 8.736445573261092 3.6501917623124656 7.270136413782562
4.723691004833862 10.856459095337382 5.308314695643093 9.032682021082161
4.422076323975251 10.444929165883595 3.7305534347736353 8.480628151623327
4.852303488326619 9.558595301809834 4.590734748203753 8.043927591645822
4.698865896910385 9.61019964324317 4.377143242135211 8.037162456009629
5.502326390018108 7.036782034126102 4.218758559794781 6.3342789820555865
5.6394229131269515 11.888879601923994 4.4480458724318455 9.494468259699103
4.733834675139761 11.53726405166541 3.833495084983903 9.013389310387824
2.85543340982553 7.3901975861245734 3.1234297543743867 6.4977908987871
4.263126068687461 9.18558293338916 4.85453405723035 8.140801216201899
3.944195658808656 6.957887263365478 3.6092730724197706 6.0811882020631325
3.6309636392579083 9.46800803029594 4.20229057434299 8.009406478756322
4.357859000012333 12.842374754307938 3.4848598429096636 9.714447230587023
6.464929602515694 12.454856726979093 4.75805183337645 9.91085145628444
5.995357139521131 7.183403224930736 5.314732293144296 6.8924284877163835
3.4736551316709523 9.526228525741935 4.0326948166621746 8.053730201692932
5.014917739957609 15.1826431801256 5.481366084298017 11.650660129260801
5.132411362743725 13.171860509570049 4.967033778853814 10.34715514325298
4.928194262467686 11.295871482704165 4.355859369642621 9.129522739704967
4.344811000553625 12.747252312379986 4.705347170444967 10.107293826083588
6.656108106998717 14.178952452549384 5.404703295965533 11.010070920987395
4.415626066191594 12.149497851431724 3.883888957393865 9.333734108620664
4.942021060322612 8.522823041177604 4.172778502957513 7.416885832986093
5.069197593952475 8.807347767719179 4.400309161537126 7.577704871661927
5.277759947058874 10.94161026771987 4.334640172402221 8.780045201587676
4.4646201007602855 15.573270760522384 3.8037673175541675 11.578490758738843
4.1013330658914136 10.793698876510538 4.709537447693055 8.876499139784055
4.824793357734577 10.13601051140295 4.327092271275539 8.303238357378223
5.7419550791134695 5.829778033028065 5.220170995355147 6.0600319102046445
6.436800833464019 11.532610890488336 5.2298397716094085 9.433110253363672
4.4403460432275645 12.331285692054704 4.314645775605744 9.826913325970722
4.49354774924574 9.111119505190624 4.105825600717578 7.5744055797811205
3.7770884267377003 13.647013055531513 4.9282198534609885 10.613609441733685
4.836235357067258 10.607866487385978 4.834296465943691 8.746618092687607
3.734154603672601 9.188219592005197 3.3882214370632378 7.451250214084107
5.413726206845987 9.083108377237489 5.158082093432904 7.9768091522852576
6.94450190005699 11.56515258472295 5.9998467181554584 9.735841316232294
5.183794849743313 13.86452803532539 4.898496134404055 10.887784495499725
5.3231210030187786 11.431443412177197 5.335324237188134 9.507841461691891
4.246532337006044 10.913022293741328 3.885138990711644 8.734440129574482
6.59264731755593 11.770875805067327 5.273521140040996 9.429680607909045
2.4893832473967032 10.734117366708592 2.7169162180356734 8.407169404865952
4.025562808785729 10.579027113334176 3.9690538289103325 8.50526509850688
3.7121049090943528 11.471694803533325 4.163716255976693 9.046406755468007
4.411536275712752 13.793027093235743 3.498325758686127 10.60013681885427
6.151062132877664 15.106554815053311 5.451147073415668 11.643257790531347
4.069987817733554 9.215771389080256 3.6509046584643436 7.582392780488104
5.865611582660909 10.515769074888828 5.634173644352087 9.023960708208469
4.634780781766379 10.063957744615658 4.218295801302723 8.258671949855811
3.549729005422786 9.708700507667338 4.112375602221968 8.141066627584959
5.79823497835359 12.712381654514044 4.995053256290841 10.104668243076084
4.12246150270507 9.73847987975979 3.870155091415458 7.979352515112471
3.963577853369131 8.814288636108708 3.9044923737812622 7.460556172559021
5.191365172031782 10.923266317055495 4.285692842443305 8.944245120883464
5.450920366273779 10.378894805504405 5.069607839073776 9.023100423934624
6.579807694131243 12.699369424970502 5.311747103663715 10.099479826617614
5.228476546501978 16.041524722691967 4.455960911620455 12.04303537744818
4.939021478430374 9.13276252071944 4.203903494716874 7.581307226833441
4.212471681524925 12.231907232816958 4.246251336846491 9.635078830472555
4.391995677601642 5.151075127955632 4.302378608640087 5.429675156391358
7.008721057906518 10.661456104264985 4.824372339644344 8.91894095127234
5.272620796605065 10.747352207540516 4.6185377080008525 8.905944881354712
6.663768065774891 13.286301330626427 5.174377913189275 10.567698209991153
2.7248978993679054 9.945447974563246 2.7828681127197927 7.8288641267221335
3.994924034872968 12.27354205449241 3.181297762843559 9.283550043477616
5.1028344074473635 8.327694693721769 4.87954247207685 7.41100629549727
5.514406213865877 9.28989772944071 4.896439261708399 7.916914185681333
7.068460098419489 11.939408885489838 5.793687309304813 9.781586665549016
5.127998087997644 10.938122416481178 4.435284892904918 8.818130356598925
3.869528131467309 6.659094542135593 3.2178250367691583 6.082253098902746
5.467913626694114 12.401052280733749 4.753081529115686 9.773364338993089
4.315629014823483 9.487058581199875 3.840090360894754 7.9598828803401
6.114555784159415 14.922166832940551 4.280234615751337 11.281842065139436
5.480155876476273 11.238612025295208 4.0969901766170675 8.82063953752565
5.2044410174974045 11.578136164873088 4.981915609192871 9.32181104257461
5.136294403829125 9.501227635429627 4.781227780458435 8.224527532223536
5.269814772033605 11.5247654573342 4.832315883767571 9.407064901019295
4.339600382698578 9.584970873376125 4.106775347886794 7.934078393412086
5.962105868003441 8.967147218442788 4.790701652781851 7.749053240909265
3.6110338181730173 10.682858087057145 4.099655145771395 8.593518279856752
4.157729492627961 10.716096660856351 3.467390388368545 8.41492118963418
5.05881118385914 10.610140411786768 4.357865460886423 8.647211645838732
4.04281321614612 13.161968446018262 4.009167942756292 10.197413608086201
5.325919104353805 17.310523779062603 5.132511523022082 12.904610702392107
4.717881371770391 10.631641083700687 4.784658801999254 8.853847985114138
3.357842856216606 10.152479028739304 3.484760130104432 7.960987810886975
3.980846705176721 9.417005756851854 4.437750467803623 7.9037854946473365
5.332377194180304 9.64129846447349 4.210533767604753 7.937501881596037
6.022098407978715 10.648085679935917 4.911066097095793 8.952743255985961
4.747234804524446 10.334274835944228 4.648059833290246 8.555208588849453
4.309184557248178 9.541112275204345 4.104868558772615 8.005274656090586
5.107971903532068 8.795635088029124 4.487824663303405 7.6839683798385625
5.085059754273475 11.98228632886106 3.9917361007784957 9.250997108220634
5.692015920375528 10.673751957347019 4.68801907327684 8.838868271080672
4.682786446662485 12.125173537242594 4.6929087685039494 9.761284666667315
3.9676612683864003 8.462847903794378 4.2065328925236 7.55084341613783
5.560658868319405 10.839403155649375 4.979367970602188 9.014143089999651
5.048840507309693 9.470162252074024 4.714609268924545 8.019945340921153
3.3189343475249435 8.080822389528576 3.8434914629760426 7.03719422922214
5.144095498788587 11.514838270113893 4.2475184722786645 9.110359248297886
2.788622692671346 11.520683165322023 3.3608492243385766 8.786433200261575
3.6632298792144233 13.228585974722966 3.960052311640942 9.917831007629074
6.810549937132418 9.919456274985174 5.108621908690852 8.66111635173127
7.479563465304423 7.769139052017632 5.68107772308061 7.3465851244778335
5.855408073915979 11.963779409890284 5.961516555665181 10.00833713451613
5.9667303605888184 11.782593865289872 4.59837111786694 9.409423629850371
3.9036696799353114 13.293858177848378 4.394754468361073 10.462964583002652
4.73946690329268 10.956000498921258 4.134776787976861 8.847784749394268
5.032226616071617 9.977127023255957 4.596462938594768 8.459583615139376
5.649684987937286 11.881208813825369 4.784026576040339 9.40247436604593
3.7386057808668074 12.788000064567887 4.437797629802602 9.949483738917031
5.930515061798362 11.011025914097921 5.193876189852293 9.140814083040082
6.492707503373263 13.319822565891538 5.052435932275339 10.581211511126133
5.698986191585517 8.080565540120313 4.891460016377099 7.278477478447773
5.787312272934032 8.65460347004976 4.394764205465876 7.560651864046825
5.64836005386246 9.510706377104272 4.491172425745865 8.170157818521423
5.126572001077935 9.274212457910206 3.9704797193404775 7.687306177221888
5.483610507442111 10.497955838537912 4.033358508170701 8.523881804584464
7.262647164562111 11.709220902078505 5.921854416276686 9.809124256874512
5.528866198761501 11.863551855452853 4.437648039096102 9.49355936362773
1.9564624441175185 9.924867503049917 3.109938672602599 7.944168606577829
5.4467287078646915 15.076586681107099 3.9966755545215573 11.29426814749067
3.7932794587469143 12.111284636106593 4.199703021058587 9.620310145966174
6.435121546720274 12.085843666655744 5.799400857602436 10.045269046802963
6.4675444737918335 8.646915648206802 5.370965949491373 7.847613945176835
2.2346039148974652 7.960830352593688 3.6099790940300394 6.750731646304977
6.715569561237464 14.746027380664055 5.938511413747756 11.511524111757499
3.844339992816186 11.02438492381771 3.919860697782253 8.954243484686064
7.959833173159971 15.102628977014819 5.9436096229692055 11.891680777703602
5.9433228696736 11.05152961168484 4.78242591518689 9.11136821687894
6.1079646405264825 12.845050591814523 4.933798811522268 10.154575104147478
5.689631792203052 8.305868797687136 4.789610907569752 7.324747089734228
4.2230477928162005 7.9264225181768255 4.135479952069286 6.9523411798832715
5.642965172719162 8.317742340790893 4.1550984770655806 7.272903566073431
6.484556851427921 9.866508440536265 4.706068159353733 8.302359372005164
4.418321129739265 13.80043009554668 4.1801642446474 10.428577892745631
6.294923220783336 9.489352425663638 5.629227477690057 8.509918572301807
5.639466730363877 9.875656504748436 4.961626692431623 8.30759126399702
4.885430458779032 10.197381836920743 4.239867836734751 8.450378209083356
5.643332159566612 10.474367608771137 5.191743832949452 8.80201499686781
6.816658311552941 12.764226634055 5.230642676679158 10.368998759436222
6.225307769430589 12.24817965237273 4.6734195381784485 9.704605786750909
5.209814690352282 8.942285840710609 4.700985441375803 7.704239455235833
3.9727749099950938 8.055014905644596 4.19291391483456 7.025656313519695
5.0588870884879436 12.689064239673856 4.121400432682646 9.774551974551681
6.445729001537119 12.61063895269096 5.123917524739112 10.01247371170263
5.63768421052262 12.356300021366708 4.169284094581039 9.612452982896995
5.025228009323135 9.303152456741795 4.503867848176032 7.836990370819514
4.504266638179437 8.051772343721531 4.6003177920311344 7.104840793778484
4.801158067952997 12.105645312135112 3.582233001407647 9.382504132070839
4.576029762564302 12.143884419782733 3.8532001539485434 9.431559831277061
4.924701574366018 5.780493185234218 5.4867138796903925 6.024827487374541
5.943375224514979 11.289634659840607 4.6563798367175835 9.107858719216077
6.7711132296449605 10.533692998426593 5.416495235009435 8.974855648128406
7.32070267414721 11.18021972001398 5.880473185942877 9.42732833584249
4.911883368635438 11.523079300012462 4.435982702201751 9.398228244455046
5.5147071429657135 9.542655628497592 4.509055777720197 7.9519157861785
4.132540622940865 11.12938243025025 4.1810147116871725 8.812063196543388
5.434271611203171 11.49090487579502 5.750957672387069 9.621659113691894
2.085780125294239 12.292167407160886 3.3745900224284213 9.313724100763553
5.841116712985548 12.459176162703093 5.253354839867031 10.114886295833278
4.779191820787787 9.935526970153514 4.572372509812224 8.207236212817184
2.9536288412017915 8.701557514534242 3.181266759008305 7.202865794828723
6.1645122048650345 10.594507741207021 4.546005988522856 8.498000179511727
5.5079379530589945 9.556602558378469 4.8142785776173485 8.16450580605474
5.333025255380578 11.77372106344239 5.458514956058191 9.574093071738838
6.453240419640922 11.895394553915994 5.4007176770392284 9.742908633161859
5.1531681446452415 10.273991350877928 5.0070941627245045 8.879440732889016
4.852473743628575 8.345009002790103 4.540745800107 7.406530512990034
4.699656550509833 9.584662925032648 4.105855520685246 8.065697448596781
5.96346892617322 11.187711191836888 4.023753837803724 8.886458972158884
5.062632735548576 8.18714244811655 4.853252489431641 7.411967022631166
5.246464701334595 13.710718837243437 4.885678780942143 10.59867539559817
3.7538890995238585 14.154723202732699 3.6191115839682904 10.701874393626117
6.58857782621285 9.659517424164575 5.190644466980228 8.391254289272458
4.909020284383504 8.022092098285107 4.113476334376095 7.043468068467634
4.27423325344826 8.73479483751377 3.949452343826704 7.412951956660084
5.57595392518231 10.004585560884577 4.694782736286993 8.351993727694135
4.51239742130137 10.76985567043971 4.362758142510112 8.671519951721057
5.5181009381752135 12.189104168538655 4.534918395150153 9.613043729712414
4.338110943529171 16.55416210758541 4.053527446529678 12.154194937195058
4.199721539868526 11.237142967042672 3.997214518596949 8.915329477386935
4.493163289457801 10.227268504319776 3.9057102043189484 8.294570440266467
2.9937097715717846 11.618715676583973 4.012924988217832 9.259820297948785
4.503200589297391 10.073058059437676 4.241173570702078 8.243852118565774
2.639048430835505 12.889114683177601 3.446812182531771 9.74304250123881
5.917580909472369 7.8789896153256365 5.714828917619841 7.4088556636653715
5.374898788511613 12.03085477355842 4.76024905822211 9.637296547047121
5.366441115485658 12.697069357235295 5.013124140948129 10.028697911479071
4.315881394318134 8.737097104198527 3.9432946168406593 7.464687880926117
4.207974104910275 13.259776749812366 4.255052832113003 10.20028373747984
5.073302732941877 9.901282913802113 4.336091504045646 8.29148413873929
6.114856468566787 10.587224447648321 5.394909954548801 8.981200489906332
5.456475049787292 13.134647446487234 5.530626700907204 10.484904279129731
5.540597088271718 12.096772702918717 5.104692636432725 9.911528115696854
6.4713669892594154 12.087764562176107 5.736459900747791 9.938140697943703
3.2513050390389973 14.562831318372035 3.549131703080418 10.923654707407021
3.1936962496878483 12.78684344317357 3.6580597697009534 9.870835994670776
5.179793163047059 11.192485172019675 4.486648039521681 9.02568157289905
5.046835311599529 13.461109546582467 5.3796390204992 10.780331822659354
6.432137727641455 12.166759188266758 5.014919817474958 9.837990705156102
3.753315854746008 9.304101239605801 4.240458489308745 8.059742308397695
3.6093978325964793 10.947669822437692 4.04037806295654 8.731175141629468
5.383156461191939 12.167568255992313 4.731682731341604 9.708903804906416
6.290569744720531 8.267027786850077 5.1574921489733345 7.5074508013058905
5.145872367541421 11.167280970466958 4.271256807173187 8.923431863946387
5.384408359365699 10.00539628149084 3.776748630995991 8.128374229310765
5.10476080882027 9.226381935995182 4.309118035318127 7.710061165302188
4.199130198523445 12.409821050209246 3.996710927794912 9.676124960321115
4.239667656810936 6.781927550896451 4.143776421780052 6.224889248458301
5.934306618571772 11.898840739807135 4.813018059525805 9.553075788202788
4.535431415369678 15.887134647069283 4.195189474286356 11.631682971702926
6.7547433009411035 9.093993768406655 5.880990732030815 8.32025703632377
3.235383505236155 7.37985149328267 3.3871051496487334 6.500264512016434
3.6906382764768932 13.641599441507742 3.8477701228311556 10.27018475735092
6.307592603715976 11.861934536245602 5.263203809535743 9.73545969960825
5.074822655999367 9.758959457558785 4.724132840940012 8.227266264879253
5.937151029585383 11.80982643047368 5.761458638811929 9.80635627441659
4.87555834614635 14.294965894018086 4.2783742441867085 10.990182770061242
4.676951837365752 12.254410785246769 4.242278706505079 9.47571433923066
3.625644282861848 10.839940712323004 3.7615426063084803 8.710285679579238
4.575337524674756 10.338516105248495 4.116660207289859 8.39926298729408
3.9438286169296317 13.462999525338894 4.03976354472593 10.202951645637743
3.8169366656517845 11.578747510482247 3.3305275779916648 8.939982088416174
5.8084577831715585 9.654938801265834 4.287654376692885 7.91828750369165
4.134542490306658 11.019697983222361 4.273557326896443 8.813676251819034
4.896291069642632 15.515649233973932 4.649244214653166 11.767548560968823
3.4505045579867346 10.270294785652329 3.99290201439373 8.43191504182033
2.715429358259465 9.278628544957956 3.8516634973704442 7.635295695101008
5.7334996469131765 13.35765503836523 4.827186145904182 10.500290113409958
3.2892344193861227 11.75172787045169 3.570740412100854 9.064856003294727
4.996451589123309 10.465013657181048 4.890523597747766 8.865144045057804
4.03242681505238 11.369245791391831 3.7870505939103003 9.019721709878132
4.834875077940876 11.902326588304957 4.901052975782478 9.571026566264011
5.7490681736790314 10.317433553872611 4.709680369658759 8.561880383447784
5.88922724955094 10.218443705974193 4.708601593113389 8.40800295121707
4.343907910375262 13.062328478044979 4.060328718663121 10.106995238608238
5.0290519354517835 15.376798263704917 4.2866087911203845 11.409233895929813
4.705643043447713 9.533565108407739 4.782712530004126 8.407338695284997
5.077035941866544 10.015950977644227 4.311273558921088 8.236512527522532
4.377905867832677 11.59803490489478 4.506341183706042 9.260610463389206
3.998241821386222 10.738486162429451 4.243021336146156 8.625051579238875
6.404904348833272 11.442788939372603 5.1045900299726625 9.363376827914049
7.774448623733715 14.648650736391135 5.729423146476403 11.461046286639565
3.9754933308703366 13.908323632383205 3.7391456563811913 10.411208398744172
4.2156514192362655 9.815655463336475 4.16615164438849 8.089673866409138
5.729382093361079 11.58119892406884 4.811815677334158 9.482191392548321
4.7526269807520025 11.552825845175654 4.8246738567995955 9.500126125099552
4.720099802218321 14.664121203154144 4.507686466907143 11.20277103401887
5.1863414545853885 10.424662719447747 4.391931454853574 8.598841356788421
5.9364973309356905 11.673762954275658 5.193647532408982 9.605280162349457
4.327751036595198 6.814691770990621 3.845422355906108 6.139803456821866
5.376225837933173 15.12877665966423 5.468566726138473 11.864227368469972
6.537027535233559 11.346819369088719 5.946807687751699 9.683908680269447
5.070631920485954 14.337151005300262 5.254808954708773 11.268970941479525
3.7911471303197333 12.05394282989475 3.296583543163577 9.244560547862548
3.9010006980964267 9.989344422254444 4.34318347908387 8.18525037187569
5.060397509156834 12.245346739520624 4.209180539270625 9.677539159268997
4.919069390821575 11.66395856324142 3.728790906851102 9.006125757232518
6.256091364696006 11.883174583839262 5.1460550931168765 9.704326447110967
4.3155511697282805 10.119775183119009 4.00832489689247 8.30983649348746
3.3425227196070217 8.025154809843102 3.832298534837519 7.063772559559592
3.851096771069226 9.117176328106707 4.382967699487089 7.623094178358094
3.038430581625858 10.888161175319942 3.4222288347374388 8.555488194316105
4.369795717462059 12.954518496475822 3.73510790729195 9.745079608624414
4.820908423378621 13.491804249273661 4.734834819042881 10.592947419694267
6.059532361748673 12.739648747764475 4.824436843027432 10.19703983515459
5.203382179802794 13.375500661179116 4.604800924889038 10.421650579316777
1.550477759076935 7.364395055228502 2.563667921865715 6.489747041475917
5.000876872884115 8.086203352918726 5.026133948505096 7.417690352542375
5.890492341244976 10.14404346215732 4.680208002661438 8.568253994411242
6.381425120911026 11.72485710287004 4.6893356365755405 9.521672428769135
3.3834267317600872 11.380825769501941 3.1361304263894363 8.672936718803516
4.473338430150969 12.848215204212773 4.587464772912483 9.998722209976725
5.345688644845835 8.386515938997256 3.5344677431244405 7.156346559134807
5.235521618125931 12.45386901488337 4.317584944492633 9.773062535367234
4.571500131193359 9.694169776188824 3.7157970197401524 8.008102304356042
5.895286108102652 11.119495106007305 5.062358648201451 9.3639835526165
7.230346086734572 8.317882330069867 5.1876408205804285 7.641136418548874
2.8924174858318312 10.500914247549913 3.951301668414179 8.605675272714565
3.960055687725969 7.923868918411705 3.86933856791552 7.02077385557339
4.8170577231471245 12.997706328356085 4.508159542025517 10.179344551716467
2.498632919888366 12.24386792754241 3.2373956222354563 9.1404726024131
4.8513390474871265 11.429707633406736 4.349756159766727 9.163270066257986
5.7004963538945725 11.918568294626262 3.431687654396044 9.011238246406084
4.6809335041360285 13.261156643065833 4.304378350347976 10.229520766793799
4.504611682449148 11.858246629681076 3.7591684741461107 9.305870567019939
5.1860688486091915 13.415376495410959 4.306773617390938 10.373777536778384
4.287057720841846 12.268531792635624 4.083758477954345 9.530809062672727
5.566626777556298 13.127567896770891 4.528911257319835 10.15247656448909
5.03313413359275 9.2559630344199 5.067369447339171 8.055702456017801
4.058983970315704 8.036337443389819 4.10306174459065 7.06551401550228
5.6509568771665535 11.8822720280829 4.705693053177603 9.564699251838089
5.381384633746625 12.951722245242804 4.892215983399584 10.099372348415388
5.348822237455216 9.204384088761556 5.212903464728823 8.113284745157411
3.4710813584946996 12.689295696090278 4.026289821658594 9.72573511043611
3.4942406307211855 11.220571563875684 3.1775971516984027 8.807362075112765
3.3857525642271002 6.106882393522325 3.2774242951087147 5.528287862420999
4.455832143896588 7.35636578994601 4.564817600664434 6.879746414042283
5.319294967147209 10.36363192175623 4.293779924375025 8.70609744764733
5.405113641954719 10.057879010959562 4.004308657157857 8.077417433630934
4.765750785855377 9.392425785323828 4.594477031843327 7.890616187965179
5.451167028396518 12.187508199223108 4.503572161769408 9.648645621036666
5.276644954269369 12.539827041513973 5.506093072209589 10.05305036175774
5.666957224783123 7.653664345688495 4.870069141102981 6.912531104733519
2.6305838815825062 8.393318319512293 3.3187142821362006 7.0935705226771715
5.351781155057272 12.065437824750301 4.521270778671267 9.755282285795673
4.478653750050579 7.584953860707822 4.597992244759576 6.832134925169466
4.636339289134621 10.146053042734685 4.627982464249497 8.504371784846814
3.592833720934472 10.887946707049226 4.2102272440048 8.806941434108804
6.332427759490013 11.47192567278255 5.3707202381867605 9.526991772082651
4.524554170739462 9.633486252839448 3.8130412004153085 7.728185192780665
4.642991676498972 12.48549067145785 4.378699497758811 9.749573798124711
4.429525689404197 11.32953861186785 4.764059787371298 9.300491204704702
3.6519816797258966 10.099068107668048 3.829354446695694 8.207142981899482
4.904951763319968 14.144617553277474 4.878243144647447 10.866948807262926
3.890271817245756 10.374443262328523 3.995908192279151 8.220840679975668
5.159777468116342 8.27824456900836 4.728966064772704 7.454752661917616
6.238918822272795 9.756063796518811 5.794643980220073 8.750558265545749
4.17374519669432 10.317287525168235 4.161417049377546 8.390004315584939
4.948649524346893 12.265194711098633 4.008013453083072 9.44810802444451
3.7963554089068374 8.991890303323194 3.7818309792865223 7.648943294526433
5.358407907130253 9.278575550016154 4.788780089794061 8.047616696046969
6.5870611546508435 13.34946844808623 6.464416878598942 11.038290276001407
4.911058643874852 11.81810776699681 3.8602678133913066 9.252708219148689
5.537534464022208 12.864579632416415 3.9991285987245933 9.945200945885164
4.036020391367751 9.99919512953128 4.089481425267103 8.212259092897146
4.785553705741813 8.256086461838153 4.46736792902613 7.41166959689075
5.535989933593523 8.769015935610286 4.973828615470486 7.746193792217547
6.792565870411167 10.37008164138674 5.558955379778395 9.032572374390213
5.704443908925765 10.286551760809527 5.270494383559177 8.653118708730766
4.484687984923262 9.291872094539372 4.035585152532429 7.655853358446018
4.318017051156697 12.404919009766905 4.086473256333949 9.557171395066705
6.8715237839536965 10.945149008218175 5.310775441410647 9.103863481847016
6.592015408425447 10.019683940936678 6.453037284293888 9.059647396408266
5.36494967186408 12.812396755844487 4.6179376889272 10.154098571044226
5.03015180149377 8.890121793745527 4.016879176886315 7.552072748291978
5.774141471643519 11.06018216946404 4.656386129651802 8.955717809356472
6.1788607417116665 13.356163270205219 4.385298020262873 10.448933727439034
3.9811649688449604 10.943082670373437 3.7347054785962763 8.768321059640822
5.567067257946231 6.583658023966042 4.3348115681083685 6.360285196020006
5.631654672674411 8.346197280768124 4.549935741248683 7.2515350436556245
4.3051478394544525 9.381637500257856 4.1068879674457826 7.762962884691691
5.332729766436772 12.52196378510788 5.018322011426276 10.007847439770785
6.725810408429867 12.504053493602623 5.528641979361883 10.241986031830262
4.682103734277128 13.26080831476239 4.23958086663642 10.100686514831601
5.55328209132612 11.103170691705392 4.839811330923045 9.072678605994906
5.140053857527366 9.59544582694575 4.595196798189544 8.418123967742721
4.814844326174218 11.412359478681347 4.512617678025616 9.11300008728924
4.45074804752359 12.513422087621581 4.431379062300479 9.859689368446064
5.124579252361347 11.304404685736698 4.554486286317442 9.094166803283965
4.530229295652164 8.910489415871051 4.827272677183706 7.881921820960734
5.383330707212499 8.620088538575626 4.645094908776042 7.418239793922439
5.018836306686319 8.174065436308904 4.4724382236818006 7.2181111057259395
2.6533717964804597 13.963538624395017 3.3293578841572415 10.54905872480235
4.820041342904129 10.379450840945701 4.922865872343394 8.675718797234271
4.4285375666913245 12.926799288681114 4.652567293831904 10.116842072009456
5.825974238096544 11.956511514787486 4.866550128319532 9.457758444975717
4.812929098558182 7.851386230194178 5.0748631516198195 7.250574744769843
5.2785435857461165 10.168670905338853 3.7133720277574005 8.256585652608395
5.0451640133083 10.483090759321739 4.6546385418389455 8.59123674632761
4.563554924246992 11.855413575973243 3.457174854867504 9.26745926961771
6.609109713273086 11.957043496192819 5.637658638230963 9.75050166462788
6.041820867542795 8.920525290727227 5.194115508063714 7.9290238188109745
3.7436363294501582 9.855306131646707 3.495169206513136 8.058908595322757
5.030911844039198 11.98110855814033 4.396837971121044 9.62391506149596
3.7173227014596026 11.281912454243457 3.631582945605759 8.860084790083745
5.060110570562034 14.82071171648593 4.092621222705883 11.088763630596503
4.392671959216447 10.97654449658099 3.966897458120206 8.827171959573816
4.849731225660939 11.620198405594195 4.963297926584994 9.613984011468728
5.059903698152986 13.43133240215036 4.453429677286585 10.510339370861207
4.649588892385138 8.806563141652836 5.09473173955055 7.883669514459704
4.9792367832252875 12.653056997818615 4.646733240873321 9.93150891149077
6.409994931459422 13.360333075631626 4.469865716948659 10.289127730284932
3.4953367902686843 12.626769887449322 3.7287073011804 9.743943296210578
5.323306973878876 12.126332925988173 4.688413513875822 9.847586424186128
6.669204546680086 10.055709834149063 5.123631040577095 8.643927086287071
4.107325932204275 11.947641496594438 3.946032462752248 9.394919440592778
4.836913052993837 10.107327559434273 4.7283984289426115 8.537506280967943
2.218081883432029 9.452876681270997 3.4522399930859464 7.631362638672915
7.234664289120311 9.4080601234222 6.180595080152665 8.345429880746659
3.7525545886402334 10.354935328135172 4.661943615851934 8.739820242034106
4.460807323042396 14.21595301904499 4.262670030969231 10.709437109112418
4.099125584297891 8.623174933197197 4.333095669577391 7.495123914991744
5.907038456897063 11.107371286418767 5.430009891976068 9.421486535341417
5.904649467171869 12.47758733806313 3.9219327460822706 9.593151175512846
5.307741580179646 7.484603435786783 4.408243162734985 6.847206106898472
5.854740290362878 11.566107377580444 4.570352416857236 9.26047986542211
5.7707971574287935 9.31530118249445 4.65458680599351 7.971719949741992
5.547316005631472 10.740407720671964 4.760031942546771 8.857108473334176
3.9843780508505113 14.900387224849668 3.310619956189548 11.009965949154514
4.250651418782309 8.086292391857455 4.394380097123955 7.047529825422506
5.582005348411288 9.877634825133498 5.1178431259255985 8.513239235128783
3.205799387388928 8.770735340249889 3.1706899093824648 7.237554188887107
3.7059752102106907 11.192510809377378 3.676123084565316 8.727286404273174
5.21233480724954 10.946685068362777 4.43097046472367 8.736196887837673
4.770982506583641 10.884932721796417 5.149155225543749 8.909778647042442
3.3224288071029577 12.313517690435583 3.3706473026524404 9.132398062184176
5.3397273076867595 10.102559960198787 4.325993349361839 8.340407925127074
5.27450003805488 10.451907528856246 3.973488718652839 8.536672941995109
4.358118944387888 10.451374380933466 3.9253394659932566 8.362302699503907
4.065264879719393 9.544395767850878 4.350849955276617 8.027597473607855
4.940248818481368 9.59482136657931 4.58669663559149 8.055173851631302
6.120353661436278 10.666501787952374 4.794298673921654 8.904432446208267
5.179366129056864 13.16153912474276 5.143099903570878 10.634892292363414
4.3588407266044635 7.438085341536114 4.368064563451773 6.909903348324838
5.201362818227327 9.041501156240754 4.4105406554199 7.702086534433609
4.872648247002076 12.53036488429036 5.075558031789663 10.130003323127193
4.844371027061429 9.920817837233626 4.892542563663772 8.19692244876527
4.121193817578745 9.297352771646366 4.375318052728792 7.874579589342145
5.353647006334872 12.78152961367477 4.139971898964317 10.034954745148008
2.1009936985122435 14.020295764668873 3.3996671073887623 10.33507540202873
5.094597835679598 11.970099739841817 3.985262691485267 9.51911704438151
4.2592036139489995 11.125087433346476 4.225439478682427 8.971602355466585
3.7704571812693066 12.718256965257101 3.5806279106866405 9.702779618194672
2.1225003744118376 11.555043958013847 2.6817162055387405 8.517276233632295
5.546141429468163 10.285379254211357 5.323481028446318 8.873380421906733
5.793626326651259 10.251081577866907 4.89426066068496 8.699352521651338
5.373307378629069 14.030782685950483 5.206097068338239 10.94415545258192
6.549153626002085 9.710768652894075 5.991702337616298 8.654654725658666
5.502883166601579 6.886649619283858 4.755975121917843 6.625119523868792
4.003502680728179 10.277719122223168 4.159024609679616 8.24658899127131
3.8475009224248993 10.567969974051893 4.580545199675909 8.779206651274048
3.602344596482558 13.242230389378628 3.4352952888029877 10.062812600864607
4.820991093693278 7.890563442225126 3.8546699916485876 6.792133001285015
6.4538558627861855 9.994044965375645 5.884236454508805 8.586967190026044
4.107684786868129 6.234073687737212 4.580055294356718 6.106794885629394
6.9485538126510775 9.911168427434214 5.01332052863293 8.424985496474243
5.0525283128678735 11.062615140441343 4.738192112046503 9.003204097597038
5.660611994753561 12.008247796451325 4.493310865948457 9.334187847012503
4.690795283327741 12.869479407620787 4.383664431297868 9.927527255982339
5.089021622885978 10.309873972834918 4.183357466013316 8.386424435111724
5.6224814545637605 11.598382174249926 4.816189341910933 9.544303004722014
5.177277570510863 12.026501635557542 5.002323383718384 9.661179529848829
5.002734481811992 11.561750465392507 4.062519340534451 9.365652967348685
5.607106832717182 10.937045301778868 4.574303353732912 9.000708022327744
4.734583108290965 12.844880528352535 3.800897512262252 10.027789910710828
5.7738898445874804 13.319914685808378 5.745340290698366 10.765939558968313
4.269389995720898 8.430794360568665 4.097223285612637 7.425763080062785
6.159161296779476 9.871984993514642 5.076789638456708 8.403084091022869
6.122152077045989 8.263683558961342 5.20622471373521 7.482308252500719
5.614035790549745 11.199593058642044 4.5368781760109265 9.195624424304214
6.398228304385949 10.735631833647643 5.78249017582577 9.214347995999255
4.2851568948619025 9.57469866542432 4.261325926255584 8.10851142871906
4.839544557743162 13.015386243389475 4.219184170028784 9.99606388062873
5.219730732690246 11.201649982858317 4.2523526998532315 9.030837161077319
5.824600170628107 8.99986586781571 4.948894771420435 7.931187141628168
4.462277703639844 9.610294558904927 4.785937751780359 8.123178411911923
3.832833958579468 13.364494230677096 3.392605117249837 9.977643168425233
5.720271432331507 9.783691237585986 4.286788853300544 8.283770098939113
4.78638761083529 9.44202080726567 4.369872386875787 7.949463133079201
6.011277981833688 11.253198289794252 5.438289582561901 9.437974568623599
5.032430553197087 12.339299374578129 4.876212661520464 9.778905314013814
4.311353583278353 13.674475392438914 4.146817884566055 10.344772563013615
7.1839002715800335 11.779952174931749 5.353522739295208 9.5519829152178
5.357804183769981 11.447685786716367 4.520447287686801 9.303647356455185
3.936035509733294 12.163881521202342 3.6783714071324543 9.349783036360678
5.286499510253771 10.0025795548219 5.774279142657807 8.779435331354918
4.026619609712865 12.653684801848923 4.107475514275569 9.800166285918742
3.8128591093791027 9.331271995951445 3.9598516774041737 8.003412538819202
5.200548697867272 8.703033455446343 3.9361873660792845 7.421366661875455
5.619967693297177 8.598008724405128 5.072575214706669 7.816893590619764
4.705509871670622 10.236225821071326 3.6765893895297856 8.265571506217047
5.550915270660128 8.154755674272913 4.303742332277041 7.332152726657267
5.8248468977163474 14.909725217710776 5.453156341752674 11.526381226767455
4.187575562492177 11.227680038461644 3.7716743538340043 8.817695737082326
5.847952247541213 11.930925052749146 4.462131176418726 9.29134834615112
5.506256911860935 10.68123452453043 4.1600704146755625 8.864884614069403
4.704861528406133 9.535926910282418 4.274532396339971 7.905282533353787
5.701359343214408 10.580948178697604 5.226614127422279 9.037237372990287
4.788811710405618 11.178748104708534 5.319716899348376 9.508340254730651
4.277385916870082 7.547790383510652 3.4989640712434342 6.547229348681228
3.9660658814661183 11.52822556942043 4.268862666775668 9.097804984430882
3.8977628168116008 8.94991854228742 3.755885224012439 7.418710050574035
4.683181121212947 12.944675710844153 5.077761541220645 10.311347611654227
3.435600522945425 7.622020167012093 3.028863535902329 6.556572432027891
4.5631308645067215 10.200707591222537 4.495212444112678 8.41781929560144
5.678211615534007 11.959771904489894 5.348358595860738 9.735058807485338
3.3349708502352002 11.538178256120787 2.615012220819073 8.780649565481959
4.1290636639067495 10.688762873134838 4.016373818901181 8.75445386434839
5.3578157071985775 7.020119750740222 4.916780118830538 6.4708128253585055
6.151227667667703 11.877360079369634 5.051073182839117 9.71080548207003
5.2617266660143045 10.826500147107629 4.64186786777552 8.980434739398106
5.289689242711092 13.896917119660248 5.006644913820066 10.805697941708626
4.796874780589967 11.385215279068982 4.356350238902039 9.16688253895976
3.58567236845536 10.982921784791529 3.612809095758447 8.670613793722792
4.473740755607724 10.104881146154918 3.937587767654025 8.380881862812604
3.7919845177338862 9.826499543569412 3.004747429938033 7.8068043437349335
3.883225156995036 9.13268009139897 4.398401593907479 7.830581482933008
6.695991630679664 10.395255763445238 5.259862844777718 8.966473328261843
5.000282195597766 12.270412155689217 4.051963484768328 9.480464050297748
4.78460876305199 13.107008289605485 4.308387325301197 10.18068797633438
4.539611309287414 9.787183597967777 4.317140567475666 8.08829573977125
5.309241404130623 7.78587940370214 4.70268223091752 7.1903457372886574
6.096553705584085 9.683461789591085 5.870681417017622 8.686976943445652
5.094766194769953 9.496306157706233 4.084436582775359 7.905147863193324
3.6049276942521638 13.378558886603454 3.490613020392819 10.168953603469609
5.0679042117073445 9.809321112344799 5.1149048215257364 8.43777603684683
5.521240271233797 9.61810758593484 5.649342703605511 8.382476437828327
5.668244591485301 13.116361612702011 5.637701966464151 10.730787044900147
2.7940979255360925 9.641870196237125 3.5521195082970154 7.925763445268527
5.073101845888045 10.97261031198259 4.664378003919197 8.900421399264294
5.081271446215896 12.384872012987195 4.226426222771384 9.672289187178594
5.029715585019424 12.738006629199363 4.136508397471916 10.058977945072785
5.389083016379574 9.861578987143828 4.788950666306963 8.318242713032987
4.139900432688197 12.64922804661825 4.078608406179482 9.908382205058514
6.577432443435674 10.768968841780268 4.422907936982224 8.85308106142234
5.0346659451932 8.07233325846935 4.254283893604682 7.123272287239285
4.059686295202297 12.137542628554863 4.051837117547674 9.55287915393836
6.289098702184441 9.446657280954964 5.296967035117348 8.245981579963614
4.852718268314865 11.795665781618098 4.599668878577585 9.61646062354487
4.624764900726035 12.799675909916614 4.379596194091398 9.812807329249257
4.0685935613919035 10.94989721461741 4.243825876385771 8.866177187644032
4.740699559668765 11.937368121322093 3.7216511510191337 9.227305346445979
5.696234063662237 9.426972077172454 4.513118546786654 7.936694615001494
4.098850601205498 8.285714582818493 4.270702234648584 7.121629642165477
5.858178526231761 9.400015346302089 5.938236671666058 8.472598068033511
6.139280822272709 9.915720296736572 5.9532711235401905 8.640788151897732
5.104751060428492 9.948832674168404 4.012145923630921 8.159888041306482
5.5350262049247405 11.798717815612774 4.204379747404996 9.281902178799767
4.568926027781384 10.583539366989946 3.9159927379994386 8.69198032974783
4.007754469906612 7.636258693279191 4.333702114180587 6.995376501492084
4.506460914539365 13.055206597403616 4.389232997828713 10.26525455442458
4.851457466880885 7.859854025991914 4.185916913661386 6.943059564311542
5.826730039427715 10.683784046198461 4.69894801816226 8.691398909206029
4.139817511270478 14.139178358907426 3.6226154151483474 10.646764998384329
5.821484625854583 10.221873360344501 5.054115020554072 8.952488628067067
4.615859212387903 14.231702204751251 4.4842967049505695 10.990862979701548
5.586843546480053 8.332537480391442 4.817338938587088 7.423471805421618
3.391102276555644 10.46011236710628 3.5703661538173863 8.361350564463137
5.324454202735996 11.177944468926926 4.433032406695881 9.130377204633433
4.173720350713314 10.893417972754703 3.7284001280342642 8.635604241003307
4.665708642632621 10.633651110442711 3.740508177595991 8.383185468886174
5.760109422672818 6.530547149318426 4.881472454834549 6.172807325761269
5.788673671945336 11.980956324301488 5.4627153174860315 9.834896622137226
4.963385680807629 12.33553390595613 4.259950648241118 9.802580585575406
4.778297318976313 7.878950349359982 4.763766036783215 7.093490995870717
3.358207027262762 8.847879494429586 3.268840462460984 7.242390411009341
6.211088132615625 10.42540102023223 4.8187508632589395 8.537632425559675
6.825036651678566 13.447032857079204 5.254718474044037 10.660480631609436
5.043675598185159 13.139720270336381 4.113749982160256 10.075291753733211
4.8633881625323365 14.525678792333416 4.690670697202849 11.078823862015948
4.01838985872369 12.249171546483604 4.217179830890421 9.450912094898941
5.773588896265641 8.804089275880745 4.962410541165575 7.782505047462489
5.211560263820072 10.451304652422216 4.363858615416819 8.485026583646075
2.7983730902683623 10.905440229146315 2.9528254227170487 8.535159389723683
3.440789048206941 8.506514771782388 2.9197267050669415 7.118967673836002
3.9581434169907874 9.602531707975318 3.9170693335203888 8.027903268562904
5.225254174534993 9.199313746834354 4.7669728532963624 7.77790061342935
3.961548370503537 11.61292155896168 3.54437909746159 8.992420757808624
4.677982055564103 11.574068349095317 4.124640463456869 9.058287905593767
3.7666932426586577 9.040829222774681 3.121552646641904 7.361407736370732
3.81100612917283 8.779037279777432 4.437017540686932 7.534996706364893
5.181604860432579 12.599639135252541 4.258646236520452 9.947372181416393
3.198374934826229 13.023055384924845 3.377039973705631 9.776382937501126
3.5477610528527386 10.528820481094364 3.46132886350554 8.502483150436888
4.614613466609811 12.2480546002847 4.294681052377308 9.597729852870815
5.384057708096026 11.799532208508523 4.873492917301529 9.535793151450557
5.052548680389382 10.823774833252871 4.334903113282655 8.735041350090142
2.1700154028845327 10.844769507051067 2.8939444802284413 8.28725658341114
4.341530287408686 8.097573133867934 3.9510122469648934 7.180640467086009
5.58197042683192 12.720944744430426 5.012348005391764 10.120499895341945
6.223867305431204 11.250487515068457 4.237148767029939 8.86333839630851
4.041582562154521 10.367769458527583 4.419131981091992 8.582838145652046
5.221569636556021 12.083443905195386 3.960787560391583 9.414241990178759
4.877282296807308 13.167562197910298 4.372532605094919 10.13438531585063
5.920561477403934 9.71216922688634 4.962262388521471 8.247489071578315
6.62908170019977 13.071605664036287 5.246726390676857 10.42802799238175
4.851011216734024 10.965502638298277 4.282497103800411 8.930937674477766
4.690783333246758 10.990102681823261 4.85769695682569 9.02807881214726
6.38525671755491 12.574543110349287 5.171344049973053 10.260366012225708
5.227728156476907 11.273646067544442 4.170380133957018 8.97370405871926
5.874871303382479 13.191416217325301 4.776629982148721 10.28874612975775
3.1919531576825855 9.515469491171425 4.149531489572116 7.844827899536304
6.6861032626378085 12.168087972785639 4.623338836361823 9.545463040314516
4.3948665654128956 13.799506131465645 4.156642725720259 10.407465476870838
6.447731993928361 13.233800631606794 5.6374198720629245 10.810113144217464
5.688069844338676 12.92051036840655 5.073167099087964 10.23977517592194
5.7479732654263325 13.701895377994916 6.000626944024992 10.952976476811841
4.811709269501608 9.587616568368365 5.01715490505565 8.309157466555174
4.253779157897655 8.895610311055826 4.102471144864779 7.559770364324576
3.8715441498545067 12.746034207973661 3.7813025658563095 9.974886689869027
4.5297097412051865 10.350765083264784 3.9400216700909234 8.35168539284668
5.9501160347291435 10.057501551702984 5.122194516753282 8.653038777810767
4.057951996979072 9.545972748611282 3.8638953127244218 8.018628018128947
5.821673206065471 11.636324264746124 4.616573677878528 9.469127750325487
6.57822864491635 13.705799168971353 6.344786049545759 11.227837669228213
6.8177052008476515 11.716139442248881 5.126429410834542 9.629980981143119
5.127322104239961 10.648162835626405 3.9945730138505042 8.507102532445133
5.349627442822338 13.907183885475963 4.77187027878081 10.763418529063214
5.059926513868628 9.993781701616772 4.296183966383616 8.17741744603242
6.5806095430539635 11.458323122745105 5.603913714987459 9.561348227957495
3.5542162919022138 11.546299725150707 4.112155008491348 9.00369578924126
6.466640207017341 10.21684171554413 5.249524379991591 8.798961907833462
5.331471146644336 12.515148752878018 4.353060653277305 10.009048995514917
5.0609210919953 12.852946077356318 4.157920188353424 9.988192089150314
4.641491788453546 11.214587892190876 4.763721370701859 9.183254450903512
2.7777403391027438 11.316769637731252 3.715304214824497 8.840547299000546
4.596528856908484 7.799330055036866 4.459374316368972 7.018639948167829
3.828281036040617 8.288770405249426 4.040213649848382 7.344029736651189
4.250587102013579 11.084190894478045 4.4163919301005 9.026046301733402
6.4043408805417545 9.746174651040993 5.599087041257802 8.53424729076768
5.150764842241214 13.40887790979549 4.593705609435317 10.356026827785197
5.408779400856669 9.778845220598779 4.717038255036439 8.296273209760795
6.3033225309473995 12.4039279628102 5.740214052517141 10.104943831951285
5.539622973138543 10.250204804933833 4.882415935273292 8.589022733091424
3.5275282459436634 10.361610970390714 3.9375960351067434 8.454747142848976
5.428177934036004 13.92960872396682 5.136014688368345 11.046110121276204
5.749255118083617 13.093467716012745 4.960803715434718 10.47655603445211
3.944474122357488 13.26697232916466 3.2462368915189237 9.88063126544188
5.31997499334702 9.663266293186513 4.905860021419933 8.339349867050649
6.827360721049903 12.883343133514895 5.451350849883531 10.143741726706983
4.539110593003747 9.637733926051249 4.921016352444131 8.3279220463257
5.503646646833523 8.926954695533821 4.60758501304584 7.85918538169533
6.890299564408663 11.119253995503719 5.011097808856269 9.201960721785037
3.953365135623371 8.598722891031793 3.784761222227078 7.158549316154216
5.295365998923444 12.085314540361722 4.301045179604425 9.49557809295793
4.3367848986983475 7.620386494620805 4.032630713489924 6.796378440819
5.454847261427798 10.854519608885605 5.332082656870211 9.088867986102253
4.565491178919372 11.259959598257135 4.746815635520153 9.106678182378305
4.725557682504055 10.542848009207681 3.5823077974003112 8.424383228022261
4.43467674513062 11.92218652590557 4.1349001904873575 9.382456768952999
6.553976717757344 9.657677930616604 5.726052638178226 8.45600436710077
5.070110475843573 10.12865954722344 4.387876393515802 8.589933007707776
5.876361830387788 7.290566461453004 5.434167519690133 7.214945958370864
4.301160265713888 7.863079168677885 4.245062853105971 6.905053086427746
4.527015210252073 12.323560699079508 4.078369873698859 9.565299210173473
4.739542449910241 12.214686866453567 4.147413298825455 9.496770512920612
4.373347490465521 10.316813657308174 4.391195600875461 8.524791685747712
4.536622789587125 9.055281325503092 4.313534022303627 7.527172379410193
3.4657229211041294 8.345724419264931 3.7569879921784977 7.225711542551624
6.118435458923006 11.120483945393607 5.334372665687706 9.296459738186128
3.8623355607609797 10.496908768990721 4.150461784966137 8.518409873826183
4.890376285647671 11.983897459718209 4.815545213465711 9.501573417965755
2.7434872834371284 10.852987660054124 4.607928698637106 8.816704713102743
5.306118714128115 11.892625555366848 4.466829405789602 9.658275763879494
3.4219283955279924 14.946768366466385 3.7165484193204446 10.918149139450351
6.138732770752042 11.243350244004272 4.587293543102918 9.19800884892968
6.271596605882869 12.712545943679148 6.257746470664067 10.438826466866303
5.017844390741777 10.538591958803156 4.659621450926879 8.569192210171366
4.27865797822121 13.845034513403066 4.350296759526432 10.383423876793502
4.710218971346591 9.796180815979595 4.330043287510078 8.258363730782381
4.969206353555578 11.224075287831091 4.822496528597233 9.072415367801057
4.625083040287237 9.53442831880961 3.9067492588996826 7.777151609253422
3.9842280411216695 12.619127540936502 3.769664787657536 9.724932818662431
5.586944813095678 10.2333985820155 4.116631874339889 8.471873730146152
4.355982889176314 9.426748039034551 4.054367135886924 7.859309827923132
4.785921659654233 10.004163592416425 4.536291270323392 8.390953054365914
4.237696547507483 10.616934887057495 4.291422612940061 8.575649196334892
5.376783282201856 8.728204512317735 4.737087279705883 7.743413019557144
6.201693383703916 7.673224976385974 5.133380978046846 7.349411703114863
6.548145313461594 13.015097551441016 5.297052189381089 10.336107029906742
6.724537273118056 8.27679055917294 5.684382508177093 7.798121179928875
5.13714012534101 7.456918332331904 4.724616374401549 6.984086004978734
4.930960531804996 11.75427959112571 4.2523988275355835 9.295865693894013
4.589270994797714 8.89645260113929 4.290450379345837 7.509448288360886
4.118522487057181 9.032493117459676 4.24329909950683 7.77815343823759
5.05095913125614 10.335304349089462 3.8711916195738443 8.443270956662555
4.21143485085287 10.803272762089545 3.717045705548365 8.549455378319308
5.01569478492287 12.373943686643464 4.5038315602239205 9.798725552225521
4.736185351413724 12.412287476629169 5.114992233031858 10.140354342804569
5.9210318130125925 12.68152784799149 4.057413187252527 9.86877460813762
5.936083849603634 13.164560086218534 4.743030330770848 10.292994589745875
4.041789471010228 11.166566088795403 3.289018661108854 8.657913859411552
6.377265182765736 9.03547871483343 5.124125478392713 8.02061723606294
4.918235550287176 11.185567091424007 4.685062071400388 9.262762979126917
5.094917140713317 7.783800283311601 3.8695649669576975 6.719556232605459
6.365414940074173 13.626312135869552 5.511647869134567 10.744861119878227
4.448980107126584 7.815815596790534 4.315385385669181 6.8525144179596476
6.312571004759953 12.139841444953557 4.988370058334453 9.785308208817247
4.089723749056471 12.86547635057887 3.379197215137829 9.556459369982042
6.774878134080598 17.51605348579445 5.849868188594732 13.253921451138153
5.319765843711905 11.529447913167854 5.455336156096166 9.578465110858943
7.903306901213464 13.304951111726666 5.77308303229953 10.701445302942659
5.235309357743146 10.562086256845811 5.076346857538311 8.873432270647232
6.411757432843384 9.985512077234835 4.447154595266241 8.220835649017856
5.838952009711896 10.625414161896021 4.953332246164887 8.789346520082677
4.605041738095788 12.436331429421301 4.5261178078287525 9.85026553048818
3.673936324698016 12.472044104329285 3.9471021412215697 9.666924628908937
6.062295258496487 8.118374807273346 5.099347048585649 7.374990852768274
4.638995709284078 8.808810867196225 3.31549373637077 7.2569532920594195
3.773726449257173 10.525901224574605 3.44587338053677 8.39616205824409
1.8148112282583329 7.6034915262054765 2.209193132050241 6.315445142790565
3.485458541972165 8.266793349084475 3.6882265588748777 7.066089000091307
3.924689692860208 11.707317401576525 3.4661306867546586 9.016730076506985
4.928811024499392 12.13815069918666 4.5580681319913126 9.864863326313385
3.5416451684384262 8.787944040068925 3.5840544765784283 7.353580960420619
5.5829560992010805 10.881551204332748 5.116329332485433 9.160214657512851
5.027360473877549 11.131441901637972 5.263829944973139 9.247786513234496
3.3104748137075153 7.216021072632858 3.237442233892554 6.281325127812819
3.5266451411113264 9.539189761867654 3.3278268842455385 7.817828781772315
4.244364094735594 11.533669307586113 4.408673437472126 9.08384337889276
6.344003669938224 10.954451233518624 4.87274570054122 9.031123929276575
4.8640953132231415 10.162418339959169 4.146106405526879 8.223089555059524
5.04997261378445 9.213599697700662 4.902615183881837 7.87289323373245
4.498417134168014 12.895563622374867 5.159787641513189 10.27390106126748
4.148232103520777 9.528839322817408 4.342243344346025 8.107519449922906
4.335617080396619 12.261547375784703 4.015277973381815 9.515039782149008
4.6167666461014285 8.430510934009105 4.361416576403636 7.538173950290118
5.160233083255801 9.644058917246646 4.133581232835185 8.065914515021806
7.599455600530668 10.42367067245139 5.498470610008206 8.90106062593626
5.7521454631643065 12.635083562863318 4.727425772169342 9.953160177178107
5.066898160515743 12.221002391137503 4.105646196702443 9.56498858181413
5.327349912504662 9.81219970664 4.381812194458519 8.169350028827049
4.237190590501224 10.845063093193195 4.347986483872356 8.688392155381823
5.515478151392017 8.98251162361988 4.698961855747879 7.8173546876603694
5.351363372856443 11.144150155837327 5.361722257261629 9.1972509981254
3.4037255478363244 14.24995048686326 3.4871567893189948 10.591588879317296
4.988058225129865 12.891743171254884 4.414648209375824 10.017317140487327
6.004385840949208 8.662771081131051 5.0803627122666555 7.943591882309471
5.292399354995464 11.192304642128725 4.536231377495616 8.97862779678181
4.676821818137936 12.212358550381936 4.147509193534698 9.594432967566267
5.4096165401027045 10.557665295728542 4.585346581306922 8.751684209059718
3.377280265476894 10.677604364740374 3.239133658166075 8.2840067008829
4.9420430188938465 10.110740199458863 4.72860087154795 8.485325976684976
5.033109893799765 8.490373195961343 5.007723834939387 7.703445570715909
4.36163608637117 10.490729596629041 3.6663190560476737 8.465471616920667
6.294519401415142 9.205309967347466 5.194570774380384 8.048493673204879
5.6996383683184355 11.213120941846437 5.009986898668956 9.307251613765608
3.7938047368803645 9.724369856704573 4.211868521802394 8.013881808950538
3.906526129535483 10.9484676899004 4.103572432785752 9.0491708876938
4.994200527930829 11.387836490683048 5.1478597309219865 9.30057932667748
4.834485093843584 12.016679030503825 4.952762811611043 9.664348188124949
3.5693896700511116 6.870406928226267 3.681630717749795 6.196304813874872
6.245634237149479 11.446424093679159 5.080783739834776 9.57877084173268
6.164884411603492 11.870169025557228 5.748217394383081 9.922625751519949
4.493700896095737 14.314583079545653 4.124563659112019 10.979164306101303
4.293884961523298 14.504637545400605 4.701019645338723 11.224433107208798
5.291122269128084 11.889661539001441 4.089026304122684 9.325161992743672
3.4408660932136086 7.772518449643544 3.4579070333265802 6.614443154359771
6.875783358186136 11.624811562116662 4.98635959605608 9.451858588907507
4.026146800778993 9.956691223616868 3.412928826606235 7.9206800001508775
3.6372254392350225 13.202517414734329 3.6264434117639732 10.074513762270533
6.514565777606498 12.260049829420531 5.698850238191136 10.099055151662736
4.72266923411171 10.803917636291114 4.768561356711254 8.851124169285153
3.3020674235705396 10.406124961552477 4.025304729607576 8.472260910081394
5.950615630670862 8.346204576482187 5.0651903218657495 7.312306898573926
5.843361954913771 13.436655084775355 4.836857542662412 10.368311341607434
4.761184271455077 7.210229726721121 3.9765891959844586 6.452700936141866
3.6414134677856267 10.054915324153828 3.5975168320805277 8.256613513198594
3.8141698433850397 11.740038065655444 3.383621854172126 9.053911472495159
3.7246861520005203 10.491841500159454 4.478573118744312 8.518819056933461
5.477193239672664 10.25477082985912 4.1178705535733595 8.38832895112015
3.811238815400796 6.796360987036055 3.268597103888846 5.93131190717914
5.195566226691057 10.210162452967218 4.62094358851188 8.619498632459283
6.366463102993052 10.654295414487216 5.487715793048853 9.151105736499485
4.02913847618696 10.82847760556963 4.065407845561369 8.717915169886833
4.01532299340257 11.7075312513469 4.330529414727082 9.322574013758452
6.430665648993244 10.138011766771907 5.59237680465387 8.797154523721787
4.2443919411206315 10.528384791699994 4.108664962099699 8.591595257831385
6.406463566465563 10.308750227350561 5.4289797192094635 8.877555062779935
3.1449781200016886 11.180550557380498 3.458345117650098 8.663737520895767
4.586090227383278 11.971052409625877 4.703896262553279 9.495348608076885
4.595919502743979 7.900812364590347 3.7883469629779607 6.906749744709636
4.517429593034515 10.404634245681075 3.8792119522068322 8.275690017961928
5.811972726253644 11.70349348423985 4.903493014335858 9.50696009709
4.639405337237487 12.072544865955301 5.020960995777559 9.646854600543545
5.2457442829054095 10.260545623898857 4.321358701058399 8.486248682126195
5.48698084840208 8.803294206346951 5.240248474474744 7.8624709739119805
5.388018155356081 8.322263024833264 5.284767047737038 7.46433496001071
5.16057401320941 9.587039716699458 4.534492127255564 8.145294642084384
4.534453497749815 9.858700030797133 3.8969408814407513 8.010131570416892
7.116200451038532 9.681830239496419 5.746095582654537 8.593364657644688
6.255267023963384 12.9916879486649 4.850528087948137 10.093607472641992
6.202094878774323 6.089988264758592 5.207925845036718 6.105938382981913
5.0451609963294874 11.599812187479456 4.296761437189815 9.292081321444401
4.369579229522526 9.90831418532087 4.24239981267285 8.092262344849727
4.684763260937893 12.434846093316146 3.9722488431738006 9.67474479475989
4.833265094548252 11.475111351788591 4.175767192795565 9.14843317315965
3.540369201313026 7.3548740067900935 4.088747018555511 6.667675981872393
4.95971830959423 11.160372231794403 4.633205112011683 9.082318696277559
4.528689407622338 13.925843855556264 3.368769342323284 10.476677653346435
4.161025454190293 10.751178524974922 4.036840042597594 8.795634251184058
3.9095130422617372 14.192463148285603 4.116593069709814 10.79687473998121
5.44563783463258 9.932351830265128 4.038994866827219 8.339295436657961
5.37461841020691 11.250350221279774 4.395231241946452 8.799451328614243
5.550668280632857 8.41132238385318 5.265658884872848 7.5783204289106845
4.18735727955041 10.992705198798944 4.797054866620927 9.079362882524247
2.960684060750763 8.202118022813611 4.022448967111383 7.189329398611485
4.390019761772353 12.875057808276505 4.874870262739369 10.347994369953447
6.1197299981907936 10.617618264041242 4.534038672460255 8.798074802427795
5.9285044091647725 12.171627258750101 5.381747111871201 9.927050798146126
4.117504779572176 8.971444273198511 4.075784375137529 7.517008975405225
3.2724929379528156 8.366118564970185 3.27234189919158 7.040773558704514
5.101081150076524 14.645624851017288 5.115238752190443 11.180061580769202
5.462988899864242 9.626943009639648 5.033011358381575 8.184310420276166
4.918789732665186 10.572682913359012 3.643136137217846 8.40774178582838
5.173182325024897 13.068680240606538 3.880153866920805 9.845866730482753
5.651240218143243 11.676031165713573 4.971822381941971 9.396089644960771
5.104295520630347 12.273897296881431 4.532313719153859 9.665641879586033
4.695274109881627 12.697165456778876 3.7451612872911975 9.569863334572593
5.2736084608511336 9.891221553984387 4.706192428695605 8.325386048998558
4.802931468247712 12.450461205506198 4.632155779969509 9.901008990355152
3.9612856039234416 12.895836078357897 3.475375971280556 9.707747615924315
3.3539267191944226 11.8863391125055 3.768366572912417 9.254225095869144
4.759420467918103 8.72810254758909 5.485367032618248 8.002498354419593
3.6815589507701425 8.952471656267548 3.919870444389899 7.504057883789127
6.739490093901445 11.166233207388807 5.388621479914939 9.240301120588208
6.559691461834818 12.308363517711435 5.0452625587507764 9.91057511632507
6.095589473077827 12.692115221386015 5.313670782558243 10.313658488947574
3.773448542204627 11.864541435738214 4.18596238004171 9.325813200761994
5.433877742333864 10.554443371010986 4.95225621768752 8.735134546783422
4.803118797641946 12.868778378814405 4.302353285225577 9.976108761966863
4.11183920864143 9.401692884481779 4.8022698384710605 7.969032749322168
5.1102391715186934 14.914428470391499 5.166629546122737 11.551023162168013
4.6318215843287724 9.44661011628498 4.399835270653744 7.819237694373076
4.7202262849809244 8.650897499695573 4.012394033194878 7.418836283342387
5.668115322569139 12.103815617189703 5.366065237877432 9.876134331861223
4.649993042692569 12.044260711775019 3.559061686327454 9.239168312782057
4.45594722803816 11.214024273552758 4.280633202216031 9.059838299580708
4.756899101172128 8.899244448653898 4.95717933140515 7.805135915564298
5.858757485892898 9.302471489801718 5.286856155489996 8.081997646202792
5.937973790714647 8.062505256830109 4.942386705512613 7.141462823926413
4.802108583409914 11.89202904839431 4.1721283151626665 9.405644001354784
4.262537787680708 13.208471414676305 3.140279733527998 10.105485363484565
5.056170537936442 8.29027319364517 4.30643077710784 7.4355072637173745
4.459542403267183 9.987042225768217 4.070430541919908 8.118156998837454
5.518150862066557 8.193756792296188 4.591104413497011 7.522909436562543
3.414412452495867 12.257025626310593 3.7504081579650004 9.26170106342124
4.454325388652177 14.955076607647193 4.747953934357602 11.303275324617491
6.6750459352474225 11.773200437130726 5.480427805851372 9.566352537978803
4.8590577303392255 13.12425659443033 4.818052851514068 10.478096758948803
3.9199884202818405 14.333301789060387 3.042548742806394 10.680535665388051
5.61725056475907 13.954982653045667 5.186558962665462 10.962453189458435
4.293204082780703 10.8348528525698 4.045812700478668 8.713338767054339
5.247762391866034 10.259267020174264 4.68169761225883 8.578795568900986
4.576304724022312 11.563289705854809 4.204582121466481 9.153526700884598
5.998601208839006 11.468483161164158 5.69439785672323 9.611646133131968
5.371731986837255 13.461179394564633 4.965786149391347 10.774312373786332
7.47597058055816 13.6849769495964 5.236871715731193 10.797239655153536
5.5273318913290925 11.983806324635317 4.902528214766155 9.638641335065829
4.783026727543068 6.715479879688455 4.223146368528583 6.406207349962207
4.9498799943573815 9.037387147551165 5.111366542495249 8.150001938206165
4.043246330102257 9.376502289534006 3.739613595538061 7.789108998638543
6.184347698971446 9.368713867642418 4.834237178783802 7.9210707238419635
5.704350784990135 8.967043960928509 4.996856729826006 7.854467474308699
5.197818377328702 11.671751072088647 4.2222613355564915 9.170430390489669
4.352810211528955 9.760475177639039 3.824717739569568 8.120139009236496
3.871667566717048 8.209932149750713 4.005566275191713 7.153321641697028
2.4733434196938626 10.451463848740188 3.355995177542191 8.359753565864183
5.302658426735253 8.50881894862678 4.786113543205307 7.412476018714955
5.616530168990019 12.107864945206547 5.23988939822809 9.846042897399593
4.1706339447252025 10.889070132465898 4.160074937385843 8.7467265088344
5.022547113554499 10.171937811413363 4.649190943202495 8.56254557577927
4.42940579674625 9.655087260376906 4.363350165758346 8.047463794313995
4.506606467278118 10.062371583097871 4.385728732453381 8.364761900198687
5.1697238405183175 14.622518235436802 4.60727671762397 11.230513713888282
3.9458228489912535 7.184038788802143 4.356836466502221 6.613902437150646
5.298732787149937 11.7274335910517 4.527091295360226 9.471631679727162
6.127676812637463 11.777804227455464 5.147795031131633 9.542145136577933
6.3237406674471135 10.432945676694162 5.0895048323043 8.735829808825681
4.135418810934852 10.219664259599302 3.8142249157298465 8.303188384417687
4.03240926580824 10.44261659230338 3.5429190456126722 8.118332181976108
3.9127020223521547 11.82515086459319 3.7163155146571354 9.152029324409543
7.195379248954415 14.156685068586286 5.782618133095184 11.071882205853612
4.519837053483334 11.224619249201785 4.140366849525143 9.050014823914484
4.746514054153998 11.636503037042987 4.0960795660244 9.168345086725555
4.8659034442801214 12.179006509453012 4.52374281503441 9.712016262527344
5.048268591757245 13.750638647924978 4.728301198138391 10.718441837813085
5.520574955533416 11.315757604296003 5.070480856216822 9.414417996151313
6.121707431951043 12.196566354455133 5.016824996107928 9.777963507539567
4.698350392498269 11.877053972791527 4.933068960554696 9.626164372129477
3.219768442074761 8.549090112926791 4.454951522298137 7.385096535273741
5.6804820691388445 5.347797040211987 4.284028084356167 5.445675473385726
5.857035333893054 12.56230134405544 4.64761774921615 9.88753707844423
4.874308345109931 13.551299634245149 5.102980544188564 10.860628508533106
4.360703612372626 11.943665913498908 4.441772864665047 9.520086562863352
4.659882481070392 11.697273536213348 4.657860925484004 9.395598663895253
6.371268828690859 13.995874282337772 5.363269482916177 11.029229518507046
4.943146937097516 8.201998037371997 4.3459812246996625 7.2042696127595365
6.0254786189218 10.043839532682247 5.004648559476972 8.500491602614154
5.351016184677149 11.489920210333285 4.968147667436718 9.367170792902154
5.44106544983064 10.370771232074176 5.341825330930338 8.789386523278099
4.9563332104437885 11.733414425850079 5.521707977189807 9.620707047981252
5.952172110756965 11.36557366733259 5.110484167295221 9.331818821254
4.316985956185637 12.608989117428461 3.7919312125980165 9.802888058236539
6.408233764330523 12.985185773211949 5.730835986792579 10.656359573537193
5.606666706624831 11.426544374293982 4.86486308183829 9.18359765588328
6.301923205798927 10.586694799945711 4.988809622975298 8.702463651309634
5.987338350112174 12.293775586862129 4.646066976046872 9.834573105337808
4.471952962293547 14.640978209699433 3.328992508687641 10.726397436624532
5.017131444538329 11.334430165579153 4.759474621817249 9.136598236774322
5.099881130068489 8.670333171761635 4.640125574096648 7.319650980173556
4.035032421254023 14.861613622550179 3.997745737122203 11.30361005693391
5.225436042640784 10.535114130361059 4.076327425663548 8.622673060691758
4.418927572617539 13.376160898612106 4.233139715808706 10.434269198312942
6.036437335689824 11.479066482457105 5.240202852898115 9.457242932374035
5.303205667660897 9.245233544442945 5.234556293959564 8.217461767337246
3.855221514487857 11.584450545888167 4.546278657788808 9.39133418907307
4.340129646391114 11.425370264509336 5.232269141217566 9.530629602793967
4.111208075333277 10.287654800017423 3.115285250062006 8.3061222369465
5.2097641334281946 10.109709522767673 4.157030568413661 8.362175777287362
3.4134598303876835 12.645604336528132 3.9312074837418005 9.801417970698726
6.497877415794596 8.457997487737178 5.476054136871859 7.701461369052497
3.1144089466960274 13.620565040853464 3.3508672656628655 10.121322325405226
3.7399598773594684 9.492230529868051 3.8433005516575065 7.846686408500222
4.748470483130716 11.32362321616912 4.186878829386364 9.062182273656546
5.50386854716852 14.243718938252155 4.981000657960241 11.117525741061897
6.720667579689275 11.205540906521021 4.945370003704492 9.361162115393409
5.289028174859751 11.569186981985917 4.302522003385637 9.338205420358992
6.159268752983313 14.982391599502728 5.089914537070239 11.448599368898691
6.4183602602418635 11.801871158766364 5.086713633264484 9.614773724288979
4.499260766154349 12.77121163980554 4.649247716834292 10.2883118311296
7.03644311448736 13.14631542456893 5.561651104355462 10.52113844966151
3.17341765124326 9.948746950087806 3.761747360224144 8.010358667454906
4.7853852629187 10.625407768729122 3.827954720156444 8.57942460900572
4.281028687664097 10.8728417153277 3.9577368605687884 8.864156853422188
4.505360582611024 7.9232568278917554 4.269938486720813 6.95617563869866
4.260909590707684 9.854760279213831 4.250094528441043 8.242858704990493
5.245173821424791 10.716552889957637 5.144401230627056 8.959146360667335
5.006800591941621 6.83490534791673 4.957594856441306 6.432783881509278
5.235306451596013 9.918155018535845 4.660777765407142 8.295673295653362
5.1827423253568785 14.770989101291065 4.8286820825823416 11.446412319681794
4.766875586962593 10.24313044664092 3.6841473807963574 8.126982023671925
4.354897525033714 10.514865613047814 4.129118801468175 8.699487615606062
2.5127854709994426 11.86285280450082 3.266958233474722 9.22961232486751
5.4050903726178605 13.409136882761976 4.2267884210926425 10.298655705835122
3.342817988426715 13.562289247509524 3.5824580249359914 10.149804375247196
5.13176034454974 8.155834018484711 4.491922127926669 7.165373049545453
4.763918800541024 8.780800050333664 3.6309058896774054 7.431420794399616
3.716616552411006 12.190555978732752 4.404119646916173 9.60922170970634
6.4927212256154405 12.171025065011845 5.362032012059045 9.895264470735516
4.407516378239409 9.840794905910395 3.710933649498492 8.100349085495786
4.800536784521539 11.418181173420745 4.630909234775063 9.131787480378046
4.814711023460197 10.1526570203821 4.543200854712719 8.452307045326647
2.815515448225102 7.6947169204525405 3.120012218422946 6.605481393051564
3.3115114504387115 10.860816757536778 3.449514336349571 8.482163416338315
4.187551274682371 10.577893410781218 4.362864008918327 8.566276634308252
3.936173306572768 9.65065184552899 4.3552490959372205 8.124298181563553
5.292604298968691 11.215429532852449 4.253015654579002 8.914725817138095
4.237403325907158 10.901445766279995 3.5281661286183477 8.779970237815704
5.098745697249422 10.332844505919743 4.948372834165131 8.624526561500721
5.569772116409742 13.75208552832933 4.610601766959765 10.577556464882122
4.685929219526814 13.612548416731405 4.406992385208859 10.352453952196658
5.158221153605023 9.035457834762283 4.075470003725326 7.567121791758463
4.440601800308865 12.31658101381035 4.338237600814633 9.786828513732212
4.6872357843454795 13.085407051617073 4.725418126672504 10.289847794817168
5.425612982469977 9.964724720939031 4.4409554337270345 8.187603680000304
5.68351294032108 12.833491554016854 5.041576069696806 10.146152780010482
4.982592226080711 12.069825719349904 4.961241990465924 10.066568730379444
5.114874539679066 9.5826378018872 4.143796533573955 7.874750004081867
6.322696372024918 11.230373019388296 5.499724564163111 9.339583896426571
5.600010625694219 9.756486882392629 4.687124057340382 8.355230623083214
6.258688747821512 12.360422230098969 5.250370663162646 10.120446453296344
5.196518328099712 12.36424221338545 4.150296806613173 9.736689000491621
5.044636321799286 10.694923861385309 5.379696661798269 8.900715131787795
5.360383025572975 13.885540706503297 4.697984590182487 10.864648181552546
4.875201622341655 11.930110792768547 5.155990133368418 9.80798342732438
4.009371260106146 12.444188068599482 3.883008762281579 9.611214474022933
5.697344556647579 13.065854114974579 4.756840323328474 9.9736589145455
3.9776273459849047 12.552042646119691 4.144222602558321 9.782715364509594
3.4551338995432443 9.921058138111993 2.9029725396588377 7.639823718181035
4.858674716351856 12.448188654343047 4.016168429160722 9.54229071865257
4.306117337903658 11.238879507024201 3.597412262389086 9.108437809607015
2.746991162620343 8.063966510676655 3.4139244121444667 7.0134902768481515
5.914154168336783 12.079333505135928 4.7086309835332685 9.537737280794556
4.421948808712128 8.28279462176292 4.312233918919206 7.242099901328605
5.608048740601307 13.35972090792829 4.42070097863332 10.387411387368584
5.919702903451289 11.63614110757434 5.273284989883337 9.615300586635914
4.600053154010146 14.493380995841235 4.7031971624574 11.228494843642167
6.945029639697811 6.205738488953477 4.822106310757098 6.469693573089083
4.908422807686369 10.846457046749746 4.04513671300923 8.758742498846896
6.303214635003066 10.841099342718897 4.911752841039057 9.005492932198173
5.273889771575391 13.727842910950173 4.757585544254034 10.754234222351212
4.2838864997759725 10.71399305761646 4.568957032910307 8.821941426722146
4.017896142714908 13.509358273646486 3.9130576536558035 10.24924004849583
4.9899057381980345 12.679525618916676 5.289565503195002 10.112018559937692
5.333159719191823 9.692422257241708 4.214532580053861 8.21314273112539
3.785404349967174 10.721738792032312 4.448273976038109 8.615619847164973
5.373635006833628 13.804174121222605 5.236250687597449 10.80859472340306
5.391129109126003 12.60689245055504 4.205923545797897 9.938407558074967
5.199531200390273 10.015410011863217 4.9945865542986425 8.43379174607175
4.781627298811521 9.942986605982956 4.579981017393539 8.230978085425436
5.919380385235964 11.168334290951668 5.311112719493069 9.254312567232132
5.7368901823724405 12.136892551651524 5.411820104689356 9.800071681976958
6.551249396121033 11.797924713305772 4.94398465862665 9.473450952412273
